Var1,Var2
-168,-104
-168,-102
-166,-114
-166,-112
-166,-110
-166,-108
-166,-106
-166,-104
-166,-102
-164,-120
-164,-118
-164,-116
-164,-114
-164,-112
-164,-110
-164,-108
-164,-106
-164,-104
-162,-126
-162,-124
-162,-122
-162,-120
-162,-118
-162,-116
-162,-114
-162,-112
-162,-110
-162,-108
-162,-106
-162,-104
-160,-130
-160,-128
-160,-126
-160,-124
-160,-122
-160,-120
-160,-118
-160,-116
-160,-114
-160,-112
-160,-110
-160,-108
-160,-106
-158,-134
-158,-132
-158,-130
-158,-128
-158,-126
-158,-124
-158,-122
-158,-120
-158,-118
-158,-116
-158,-114
-158,-112
-158,-110
-158,-108
-158,-106
-156,-138
-156,-136
-156,-134
-156,-132
-156,-130
-156,-128
-156,-126
-156,-124
-156,-122
-156,-120
-156,-118
-156,-116
-156,-114
-156,-112
-156,-110
-156,-108
-154,-142
-154,-140
-154,-138
-154,-136
-154,-134
-154,-132
-154,-130
-154,-128
-154,-126
-154,-124
-154,-122
-154,-120
-154,-118
-154,-116
-154,-114
-154,-112
-154,-110
-154,-108
-152,-146
-152,-144
-152,-142
-152,-140
-152,-138
-152,-136
-152,-134
-152,-132
-152,-130
-152,-128
-152,-126
-152,-124
-152,-122
-152,-120
-152,-118
-152,-116
-152,-114
-152,-112
-152,-110
-152,-108
-150,-148
-150,-146
-150,-144
-150,-142
-150,-140
-150,-138
-150,-136
-150,-134
-150,-132
-150,-130
-150,-128
-150,-126
-150,-124
-150,-122
-150,-120
-150,-118
-150,-116
-150,-114
-150,-112
-150,-110
-148,-152
-148,-150
-148,-148
-148,-146
-148,-144
-148,-142
-148,-140
-148,-138
-148,-136
-148,-134
-148,-132
-148,-130
-148,-128
-148,-126
-148,-124
-148,-122
-148,-120
-148,-118
-148,-116
-148,-114
-148,-112
-148,-110
-146,-154
-146,-152
-146,-150
-146,-148
-146,-146
-146,-144
-146,-142
-146,-140
-146,-138
-146,-136
-146,-134
-146,-132
-146,-130
-146,-128
-146,-126
-146,-124
-146,-122
-146,-120
-146,-118
-146,-116
-146,-114
-146,-112
-146,-110
-144,-158
-144,-156
-144,-154
-144,-152
-144,-150
-144,-148
-144,-146
-144,-144
-144,-142
-144,-140
-144,-138
-144,-136
-144,-134
-144,-132
-144,-130
-144,-128
-144,-126
-144,-124
-144,-122
-144,-120
-144,-118
-144,-116
-144,-114
-144,-112
-144,-110
-142,-160
-142,-158
-142,-156
-142,-154
-142,-152
-142,-150
-142,-148
-142,-146
-142,-144
-142,-142
-142,-140
-142,-138
-142,-136
-142,-134
-142,-132
-142,-130
-142,-128
-142,-126
-142,-124
-142,-122
-142,-120
-142,-118
-142,-116
-142,-114
-142,-112
-140,-162
-140,-160
-140,-158
-140,-156
-140,-154
-140,-152
-140,-150
-140,-148
-140,-146
-140,-144
-140,-142
-140,-140
-140,-138
-140,-136
-140,-134
-140,-132
-140,-130
-140,-128
-140,-126
-140,-124
-140,-122
-140,-120
-140,-118
-140,-116
-140,-114
-140,-112
-138,-164
-138,-162
-138,-160
-138,-158
-138,-156
-138,-154
-138,-152
-138,-150
-138,-148
-138,-146
-138,-144
-138,-142
-138,-140
-138,-138
-138,-136
-138,-134
-138,-132
-138,-130
-138,-128
-138,-126
-138,-124
-138,-122
-138,-120
-138,-118
-138,-116
-138,-114
-138,-112
-136,-166
-136,-164
-136,-162
-136,-160
-136,-158
-136,-156
-136,-154
-136,-152
-136,-150
-136,-148
-136,-146
-136,-144
-136,-142
-136,-140
-136,-138
-136,-136
-136,-134
-136,-132
-136,-130
-136,-128
-136,-126
-136,-124
-136,-122
-136,-120
-136,-118
-136,-116
-136,-114
-136,-112
-134,-168
-134,-166
-134,-164
-134,-162
-134,-160
-134,-158
-134,-156
-134,-154
-134,-152
-134,-150
-134,-148
-134,-146
-134,-144
-134,-142
-134,-140
-134,-138
-134,-136
-134,-134
-134,-132
-134,-130
-134,-128
-134,-126
-134,-124
-134,-122
-134,-120
-134,-118
-134,-116
-134,-114
-134,-112
-132,-170
-132,-168
-132,-166
-132,-164
-132,-162
-132,-160
-132,-158
-132,-156
-132,-154
-132,-152
-132,-150
-132,-148
-132,-146
-132,-144
-132,-142
-132,-140
-132,-138
-132,-136
-132,-134
-132,-132
-132,-130
-132,-128
-132,-126
-132,-124
-132,-122
-132,-120
-132,-118
-132,-116
-132,-114
-132,-112
-130,-172
-130,-170
-130,-168
-130,-166
-130,-164
-130,-162
-130,-160
-130,-158
-130,-156
-130,-154
-130,-152
-130,-150
-130,-148
-130,-146
-130,-144
-130,-142
-130,-140
-130,-138
-130,-136
-130,-134
-130,-132
-130,-130
-130,-128
-130,-126
-130,-124
-130,-122
-130,-120
-130,-118
-130,-116
-130,-114
-128,-174
-128,-172
-128,-170
-128,-168
-128,-166
-128,-164
-128,-162
-128,-160
-128,-158
-128,-156
-128,-154
-128,-152
-128,-150
-128,-148
-128,-146
-128,-144
-128,-142
-128,-140
-128,-138
-128,-136
-128,-134
-128,-132
-128,-130
-128,-128
-128,-126
-128,-124
-128,-122
-128,-120
-128,-118
-128,-116
-128,-114
-126,-176
-126,-174
-126,-172
-126,-170
-126,-168
-126,-166
-126,-164
-126,-162
-126,-160
-126,-158
-126,-156
-126,-154
-126,-152
-126,-150
-126,-148
-126,-146
-126,-144
-126,-142
-126,-140
-126,-138
-126,-136
-126,-134
-126,-132
-126,-130
-126,-128
-126,-126
-126,-124
-126,-122
-126,-120
-126,-118
-126,-116
-126,-114
-124,-178
-124,-176
-124,-174
-124,-172
-124,-170
-124,-168
-124,-166
-124,-164
-124,-162
-124,-160
-124,-158
-124,-156
-124,-154
-124,-152
-124,-150
-124,-148
-124,-146
-124,-144
-124,-142
-124,-140
-124,-138
-124,-136
-124,-134
-124,-132
-124,-130
-124,-128
-124,-126
-124,-124
-124,-122
-124,-120
-124,-118
-124,-116
-124,-114
-122,-178
-122,-176
-122,-174
-122,-172
-122,-170
-122,-168
-122,-166
-122,-164
-122,-162
-122,-160
-122,-158
-122,-156
-122,-154
-122,-152
-122,-150
-122,-148
-122,-146
-122,-144
-122,-142
-122,-140
-122,-138
-122,-136
-122,-134
-122,-132
-122,-130
-122,-128
-122,-126
-122,-124
-122,-122
-122,-120
-122,-118
-122,-116
-122,-114
-120,-180
-120,-178
-120,-176
-120,-174
-120,-172
-120,-170
-120,-168
-120,-166
-120,-164
-120,-162
-120,-160
-120,-158
-120,-156
-120,-154
-120,-152
-120,-150
-120,-148
-120,-146
-120,-144
-120,-142
-120,-140
-120,-138
-120,-136
-120,-134
-120,-132
-120,-130
-120,-128
-120,-126
-120,-124
-120,-122
-120,-120
-120,-118
-120,-116
-120,-114
-118,-182
-118,-180
-118,-178
-118,-176
-118,-174
-118,-172
-118,-170
-118,-168
-118,-166
-118,-164
-118,-162
-118,-160
-118,-158
-118,-156
-118,-154
-118,-152
-118,-150
-118,-148
-118,-146
-118,-144
-118,-142
-118,-140
-118,-138
-118,-136
-118,-134
-118,-132
-118,-130
-118,-128
-118,-126
-118,-124
-118,-122
-118,-120
-118,-118
-118,-116
-118,-114
-116,-184
-116,-182
-116,-180
-116,-178
-116,-176
-116,-174
-116,-172
-116,-170
-116,-168
-116,-166
-116,-164
-116,-162
-116,-160
-116,-158
-116,-156
-116,-154
-116,-152
-116,-150
-116,-148
-116,-146
-116,-144
-116,-142
-116,-140
-116,-138
-116,-136
-116,-134
-116,-132
-116,-130
-116,-128
-116,-126
-116,-124
-116,-122
-116,-120
-116,-118
-116,-116
-116,-114
-114,-184
-114,-182
-114,-180
-114,-178
-114,-176
-114,-174
-114,-172
-114,-170
-114,-168
-114,-166
-114,-164
-114,-162
-114,-160
-114,-158
-114,-156
-114,-154
-114,-152
-114,-150
-114,-148
-114,-146
-114,-144
-114,-142
-114,-140
-114,-138
-114,-136
-114,-134
-114,-132
-114,-130
-114,-128
-114,-126
-114,-124
-114,-122
-114,-120
-114,-118
-114,-116
-114,-114
-112,-186
-112,-184
-112,-182
-112,-180
-112,-178
-112,-176
-112,-174
-112,-172
-112,-170
-112,-168
-112,-166
-112,-164
-112,-162
-112,-160
-112,-158
-112,-156
-112,-154
-112,-152
-112,-150
-112,-148
-112,-146
-112,-144
-112,-142
-112,-140
-112,-138
-112,-136
-112,-134
-112,-132
-112,-130
-112,-128
-112,-126
-112,-124
-112,-122
-112,-120
-112,-118
-112,-116
-112,-114
-110,-186
-110,-184
-110,-182
-110,-180
-110,-178
-110,-176
-110,-174
-110,-172
-110,-170
-110,-168
-110,-166
-110,-164
-110,-162
-110,-160
-110,-158
-110,-156
-110,-154
-110,-152
-110,-150
-110,-148
-110,-146
-110,-144
-110,-142
-110,-140
-110,-138
-110,-136
-110,-134
-110,-132
-110,-130
-110,-128
-110,-126
-110,-124
-110,-122
-110,-120
-110,-118
-110,-116
-110,-114
-110,-112
-108,-188
-108,-186
-108,-184
-108,-182
-108,-180
-108,-178
-108,-176
-108,-174
-108,-172
-108,-170
-108,-168
-108,-166
-108,-164
-108,-162
-108,-160
-108,-158
-108,-156
-108,-154
-108,-152
-108,-150
-108,-148
-108,-146
-108,-144
-108,-142
-108,-140
-108,-138
-108,-136
-108,-134
-108,-132
-108,-130
-108,-128
-108,-126
-108,-124
-108,-122
-108,-120
-108,-118
-108,-116
-108,-114
-108,-112
-106,-190
-106,-188
-106,-186
-106,-184
-106,-182
-106,-180
-106,-178
-106,-176
-106,-174
-106,-172
-106,-170
-106,-168
-106,-166
-106,-164
-106,-162
-106,-160
-106,-158
-106,-156
-106,-154
-106,-152
-106,-150
-106,-148
-106,-146
-106,-144
-106,-142
-106,-140
-106,-138
-106,-136
-106,-134
-106,-132
-106,-130
-106,-128
-106,-126
-106,-124
-106,-122
-106,-120
-106,-118
-106,-116
-106,-114
-106,-112
-104,-190
-104,-188
-104,-186
-104,-184
-104,-182
-104,-180
-104,-178
-104,-176
-104,-174
-104,-172
-104,-170
-104,-168
-104,-166
-104,-164
-104,-162
-104,-160
-104,-158
-104,-156
-104,-154
-104,-152
-104,-150
-104,-148
-104,-146
-104,-144
-104,-142
-104,-140
-104,-138
-104,-136
-104,-134
-104,-132
-104,-130
-104,-128
-104,-126
-104,-124
-104,-122
-104,-120
-104,-118
-104,-116
-104,-114
-104,-112
-102,-192
-102,-190
-102,-188
-102,-186
-102,-184
-102,-182
-102,-180
-102,-178
-102,-176
-102,-174
-102,-172
-102,-170
-102,-168
-102,-166
-102,-164
-102,-162
-102,-160
-102,-158
-102,-156
-102,-154
-102,-152
-102,-150
-102,-148
-102,-146
-102,-144
-102,-142
-102,-140
-102,-138
-102,-136
-102,-134
-102,-132
-102,-130
-102,-128
-102,-126
-102,-124
-102,-122
-102,-120
-102,-118
-102,-116
-102,-114
-102,-112
-100,-192
-100,-190
-100,-188
-100,-186
-100,-184
-100,-182
-100,-180
-100,-178
-100,-176
-100,-174
-100,-172
-100,-170
-100,-168
-100,-166
-100,-164
-100,-162
-100,-160
-100,-158
-100,-156
-100,-154
-100,-152
-100,-150
-100,-148
-100,-146
-100,-144
-100,-142
-100,-140
-100,-138
-100,-136
-100,-134
-100,-132
-100,-130
-100,-128
-100,-126
-100,-124
-100,-122
-100,-120
-100,-118
-100,-116
-100,-114
-100,-112
-98,-194
-98,-192
-98,-190
-98,-188
-98,-186
-98,-184
-98,-182
-98,-180
-98,-178
-98,-176
-98,-174
-98,-172
-98,-170
-98,-168
-98,-166
-98,-164
-98,-162
-98,-160
-98,-158
-98,-156
-98,-154
-98,-152
-98,-150
-98,-148
-98,-146
-98,-144
-98,-142
-98,-140
-98,-138
-98,-136
-98,-134
-98,-132
-98,-130
-98,-128
-98,-126
-98,-124
-98,-122
-98,-120
-98,-118
-98,-116
-98,-114
-98,-112
-98,-110
-96,-194
-96,-192
-96,-190
-96,-188
-96,-186
-96,-184
-96,-182
-96,-180
-96,-178
-96,-176
-96,-174
-96,-172
-96,-170
-96,-168
-96,-166
-96,-164
-96,-162
-96,-160
-96,-158
-96,-156
-96,-154
-96,-152
-96,-150
-96,-148
-96,-146
-96,-144
-96,-142
-96,-140
-96,-138
-96,-136
-96,-134
-96,-132
-96,-130
-96,-128
-96,-126
-96,-124
-96,-122
-96,-120
-96,-118
-96,-116
-96,-114
-96,-112
-96,-110
-94,-196
-94,-194
-94,-192
-94,-190
-94,-188
-94,-186
-94,-184
-94,-182
-94,-180
-94,-178
-94,-176
-94,-174
-94,-172
-94,-170
-94,-168
-94,-166
-94,-164
-94,-162
-94,-160
-94,-158
-94,-156
-94,-154
-94,-152
-94,-150
-94,-148
-94,-146
-94,-144
-94,-142
-94,-140
-94,-138
-94,-136
-94,-134
-94,-132
-94,-130
-94,-128
-94,-126
-94,-124
-94,-122
-94,-120
-94,-118
-94,-116
-94,-114
-94,-112
-94,-110
-92,-196
-92,-194
-92,-192
-92,-190
-92,-188
-92,-186
-92,-184
-92,-182
-92,-180
-92,-178
-92,-176
-92,-174
-92,-172
-92,-170
-92,-168
-92,-166
-92,-164
-92,-162
-92,-160
-92,-158
-92,-156
-92,-154
-92,-152
-92,-150
-92,-148
-92,-146
-92,-144
-92,-142
-92,-140
-92,-138
-92,-136
-92,-134
-92,-132
-92,-130
-92,-128
-92,-126
-92,-124
-92,-122
-92,-120
-92,-118
-92,-116
-92,-114
-92,-112
-92,-110
-92,-108
-90,-198
-90,-196
-90,-194
-90,-192
-90,-190
-90,-188
-90,-186
-90,-184
-90,-182
-90,-180
-90,-178
-90,-176
-90,-174
-90,-172
-90,-170
-90,-168
-90,-166
-90,-164
-90,-162
-90,-160
-90,-158
-90,-156
-90,-154
-90,-152
-90,-150
-90,-148
-90,-146
-90,-144
-90,-142
-90,-140
-90,-138
-90,-136
-90,-134
-90,-132
-90,-130
-90,-128
-90,-126
-90,-124
-90,-122
-90,-120
-90,-118
-90,-116
-90,-114
-90,-112
-90,-110
-90,-108
-88,-198
-88,-196
-88,-194
-88,-192
-88,-190
-88,-188
-88,-186
-88,-184
-88,-182
-88,-180
-88,-178
-88,-176
-88,-174
-88,-172
-88,-170
-88,-168
-88,-166
-88,-164
-88,-162
-88,-160
-88,-158
-88,-156
-88,-154
-88,-152
-88,-150
-88,-148
-88,-146
-88,-144
-88,-142
-88,-140
-88,-138
-88,-136
-88,-134
-88,-132
-88,-130
-88,-128
-88,-126
-88,-124
-88,-122
-88,-120
-88,-118
-88,-116
-88,-114
-88,-112
-88,-110
-88,-108
-86,-198
-86,-196
-86,-194
-86,-192
-86,-190
-86,-188
-86,-186
-86,-184
-86,-182
-86,-180
-86,-178
-86,-176
-86,-174
-86,-172
-86,-170
-86,-168
-86,-166
-86,-164
-86,-162
-86,-160
-86,-158
-86,-156
-86,-154
-86,-152
-86,-150
-86,-148
-86,-146
-86,-144
-86,-142
-86,-140
-86,-138
-86,-136
-86,-134
-86,-132
-86,-130
-86,-128
-86,-126
-86,-124
-86,-122
-86,-120
-86,-118
-86,-116
-86,-114
-86,-112
-86,-110
-86,-108
-86,-106
-84,-200
-84,-198
-84,-196
-84,-194
-84,-192
-84,-190
-84,-188
-84,-186
-84,-184
-84,-182
-84,-180
-84,-178
-84,-176
-84,-174
-84,-172
-84,-170
-84,-168
-84,-166
-84,-164
-84,-162
-84,-160
-84,-158
-84,-156
-84,-154
-84,-152
-84,-150
-84,-148
-84,-146
-84,-144
-84,-142
-84,-140
-84,-138
-84,-136
-84,-134
-84,-132
-84,-130
-84,-128
-84,-126
-84,-124
-84,-122
-84,-120
-84,-118
-84,-116
-84,-114
-84,-112
-84,-110
-84,-108
-84,-106
-82,-200
-82,-198
-82,-196
-82,-194
-82,-192
-82,-190
-82,-188
-82,-186
-82,-184
-82,-182
-82,-180
-82,-178
-82,-176
-82,-174
-82,-172
-82,-170
-82,-168
-82,-166
-82,-164
-82,-162
-82,-160
-82,-158
-82,-156
-82,-154
-82,-152
-82,-150
-82,-148
-82,-146
-82,-144
-82,-142
-82,-140
-82,-138
-82,-136
-82,-134
-82,-132
-82,-130
-82,-128
-82,-126
-82,-124
-82,-122
-82,-120
-82,-118
-82,-116
-82,-114
-82,-112
-82,-110
-82,-108
-82,-106
-80,-200
-80,-198
-80,-196
-80,-194
-80,-192
-80,-190
-80,-188
-80,-186
-80,-184
-80,-182
-80,-180
-80,-178
-80,-176
-80,-174
-80,-172
-80,-170
-80,-168
-80,-166
-80,-164
-80,-162
-80,-160
-80,-158
-80,-156
-80,-154
-80,-152
-80,-150
-80,-148
-80,-146
-80,-144
-80,-142
-80,-140
-80,-138
-80,-136
-80,-134
-80,-132
-80,-130
-80,-128
-80,-126
-80,-124
-80,-122
-80,-120
-80,-118
-80,-116
-80,-114
-80,-112
-80,-110
-80,-108
-80,-106
-80,-104
-78,-202
-78,-200
-78,-198
-78,-196
-78,-194
-78,-192
-78,-190
-78,-188
-78,-186
-78,-184
-78,-182
-78,-180
-78,-178
-78,-176
-78,-174
-78,-172
-78,-170
-78,-168
-78,-166
-78,-164
-78,-162
-78,-160
-78,-158
-78,-156
-78,-154
-78,-152
-78,-150
-78,-148
-78,-146
-78,-144
-78,-142
-78,-140
-78,-138
-78,-136
-78,-134
-78,-132
-78,-130
-78,-128
-78,-126
-78,-124
-78,-122
-78,-120
-78,-118
-78,-116
-78,-114
-78,-112
-78,-110
-78,-108
-78,-106
-78,-104
-76,-202
-76,-200
-76,-198
-76,-196
-76,-194
-76,-192
-76,-190
-76,-188
-76,-186
-76,-184
-76,-182
-76,-180
-76,-178
-76,-176
-76,-174
-76,-172
-76,-170
-76,-168
-76,-166
-76,-164
-76,-162
-76,-160
-76,-158
-76,-156
-76,-154
-76,-152
-76,-150
-76,-148
-76,-146
-76,-144
-76,-142
-76,-140
-76,-138
-76,-136
-76,-134
-76,-132
-76,-130
-76,-128
-76,-126
-76,-124
-76,-122
-76,-120
-76,-118
-76,-116
-76,-114
-76,-112
-76,-110
-76,-108
-76,-106
-76,-104
-76,-102
-74,-202
-74,-200
-74,-198
-74,-196
-74,-194
-74,-192
-74,-190
-74,-188
-74,-186
-74,-184
-74,-182
-74,-180
-74,-178
-74,-176
-74,-174
-74,-172
-74,-170
-74,-168
-74,-166
-74,-164
-74,-162
-74,-160
-74,-158
-74,-156
-74,-154
-74,-152
-74,-150
-74,-148
-74,-146
-74,-144
-74,-142
-74,-140
-74,-138
-74,-136
-74,-134
-74,-132
-74,-130
-74,-128
-74,-126
-74,-124
-74,-122
-74,-120
-74,-118
-74,-116
-74,-114
-74,-112
-74,-110
-74,-108
-74,-106
-74,-104
-74,-102
-74,-100
-72,-204
-72,-202
-72,-200
-72,-198
-72,-196
-72,-194
-72,-192
-72,-190
-72,-188
-72,-186
-72,-184
-72,-182
-72,-180
-72,-178
-72,-176
-72,-174
-72,-172
-72,-170
-72,-168
-72,-166
-72,-164
-72,-162
-72,-160
-72,-158
-72,-156
-72,-154
-72,-152
-72,-150
-72,-148
-72,-146
-72,-144
-72,-142
-72,-140
-72,-138
-72,-136
-72,-134
-72,-132
-72,-130
-72,-128
-72,-126
-72,-124
-72,-122
-72,-120
-72,-118
-72,-116
-72,-114
-72,-112
-72,-110
-72,-108
-72,-106
-72,-104
-72,-102
-72,-100
-70,-204
-70,-202
-70,-200
-70,-198
-70,-196
-70,-194
-70,-192
-70,-190
-70,-188
-70,-186
-70,-184
-70,-182
-70,-180
-70,-178
-70,-176
-70,-174
-70,-172
-70,-170
-70,-168
-70,-166
-70,-164
-70,-162
-70,-160
-70,-158
-70,-156
-70,-154
-70,-152
-70,-150
-70,-148
-70,-146
-70,-144
-70,-142
-70,-140
-70,-138
-70,-136
-70,-134
-70,-132
-70,-130
-70,-128
-70,-126
-70,-124
-70,-122
-70,-120
-70,-118
-70,-116
-70,-114
-70,-112
-70,-110
-70,-108
-70,-106
-70,-104
-70,-102
-70,-100
-70,-98
-68,-204
-68,-202
-68,-200
-68,-198
-68,-196
-68,-194
-68,-192
-68,-190
-68,-188
-68,-186
-68,-184
-68,-182
-68,-180
-68,-178
-68,-176
-68,-174
-68,-172
-68,-170
-68,-168
-68,-166
-68,-164
-68,-162
-68,-160
-68,-158
-68,-156
-68,-154
-68,-152
-68,-150
-68,-148
-68,-146
-68,-144
-68,-142
-68,-140
-68,-138
-68,-136
-68,-134
-68,-132
-68,-130
-68,-128
-68,-126
-68,-124
-68,-122
-68,-120
-68,-118
-68,-116
-68,-114
-68,-112
-68,-110
-68,-108
-68,-106
-68,-104
-68,-102
-68,-100
-68,-98
-66,-204
-66,-202
-66,-200
-66,-198
-66,-196
-66,-194
-66,-192
-66,-190
-66,-188
-66,-186
-66,-184
-66,-182
-66,-180
-66,-178
-66,-176
-66,-174
-66,-172
-66,-170
-66,-168
-66,-166
-66,-164
-66,-162
-66,-160
-66,-158
-66,-156
-66,-154
-66,-152
-66,-150
-66,-148
-66,-146
-66,-144
-66,-142
-66,-140
-66,-138
-66,-136
-66,-134
-66,-132
-66,-130
-66,-128
-66,-126
-66,-124
-66,-122
-66,-120
-66,-118
-66,-116
-66,-114
-66,-112
-66,-110
-66,-108
-66,-106
-66,-104
-66,-102
-66,-100
-66,-98
-66,-96
-64,-204
-64,-202
-64,-200
-64,-198
-64,-196
-64,-194
-64,-192
-64,-190
-64,-188
-64,-186
-64,-184
-64,-182
-64,-180
-64,-178
-64,-176
-64,-174
-64,-172
-64,-170
-64,-168
-64,-166
-64,-164
-64,-162
-64,-160
-64,-158
-64,-156
-64,-154
-64,-152
-64,-150
-64,-148
-64,-146
-64,-144
-64,-142
-64,-140
-64,-138
-64,-136
-64,-134
-64,-132
-64,-130
-64,-128
-64,-126
-64,-124
-64,-122
-64,-120
-64,-118
-64,-116
-64,-114
-64,-112
-64,-110
-64,-108
-64,-106
-64,-104
-64,-102
-64,-100
-64,-98
-64,-96
-64,-94
-62,-204
-62,-202
-62,-200
-62,-198
-62,-196
-62,-194
-62,-192
-62,-190
-62,-188
-62,-186
-62,-184
-62,-182
-62,-180
-62,-178
-62,-176
-62,-174
-62,-172
-62,-170
-62,-168
-62,-166
-62,-164
-62,-162
-62,-160
-62,-158
-62,-156
-62,-154
-62,-152
-62,-150
-62,-148
-62,-146
-62,-144
-62,-142
-62,-140
-62,-138
-62,-136
-62,-134
-62,-132
-62,-130
-62,-128
-62,-126
-62,-124
-62,-122
-62,-120
-62,-118
-62,-116
-62,-114
-62,-112
-62,-110
-62,-108
-62,-106
-62,-104
-62,-102
-62,-100
-62,-98
-62,-96
-62,-94
-62,-92
-60,-204
-60,-202
-60,-200
-60,-198
-60,-196
-60,-194
-60,-192
-60,-190
-60,-188
-60,-186
-60,-184
-60,-182
-60,-180
-60,-178
-60,-176
-60,-174
-60,-172
-60,-170
-60,-168
-60,-166
-60,-164
-60,-162
-60,-160
-60,-158
-60,-156
-60,-154
-60,-152
-60,-150
-60,-148
-60,-146
-60,-144
-60,-142
-60,-140
-60,-138
-60,-136
-60,-134
-60,-132
-60,-130
-60,-128
-60,-126
-60,-124
-60,-122
-60,-120
-60,-118
-60,-116
-60,-114
-60,-112
-60,-110
-60,-108
-60,-106
-60,-104
-60,-102
-60,-100
-60,-98
-60,-96
-60,-94
-60,-92
-58,-206
-58,-204
-58,-202
-58,-200
-58,-198
-58,-196
-58,-194
-58,-192
-58,-190
-58,-188
-58,-186
-58,-184
-58,-182
-58,-180
-58,-178
-58,-176
-58,-174
-58,-172
-58,-170
-58,-168
-58,-166
-58,-164
-58,-162
-58,-160
-58,-158
-58,-156
-58,-154
-58,-152
-58,-150
-58,-148
-58,-146
-58,-144
-58,-142
-58,-140
-58,-138
-58,-136
-58,-134
-58,-132
-58,-130
-58,-128
-58,-126
-58,-124
-58,-122
-58,-120
-58,-118
-58,-116
-58,-114
-58,-112
-58,-110
-58,-108
-58,-106
-58,-104
-58,-102
-58,-100
-58,-98
-58,-96
-58,-94
-58,-92
-58,-90
-56,-206
-56,-204
-56,-202
-56,-200
-56,-198
-56,-196
-56,-194
-56,-192
-56,-190
-56,-188
-56,-186
-56,-184
-56,-182
-56,-180
-56,-178
-56,-176
-56,-174
-56,-172
-56,-170
-56,-168
-56,-166
-56,-164
-56,-162
-56,-160
-56,-158
-56,-156
-56,-154
-56,-152
-56,-150
-56,-148
-56,-146
-56,-144
-56,-142
-56,-140
-56,-138
-56,-136
-56,-134
-56,-132
-56,-130
-56,-128
-56,-126
-56,-124
-56,-122
-56,-120
-56,-118
-56,-116
-56,-114
-56,-112
-56,-110
-56,-108
-56,-106
-56,-104
-56,-102
-56,-100
-56,-98
-56,-96
-56,-94
-56,-92
-56,-90
-56,-88
-54,-206
-54,-204
-54,-202
-54,-200
-54,-198
-54,-196
-54,-194
-54,-192
-54,-190
-54,-188
-54,-186
-54,-184
-54,-182
-54,-180
-54,-178
-54,-176
-54,-174
-54,-172
-54,-170
-54,-168
-54,-166
-54,-164
-54,-162
-54,-160
-54,-158
-54,-156
-54,-154
-54,-152
-54,-150
-54,-148
-54,-146
-54,-144
-54,-142
-54,-140
-54,-138
-54,-136
-54,-134
-54,-132
-54,-130
-54,-128
-54,-126
-54,-124
-54,-122
-54,-120
-54,-118
-54,-116
-54,-114
-54,-112
-54,-110
-54,-108
-54,-106
-54,-104
-54,-102
-54,-100
-54,-98
-54,-96
-54,-94
-54,-92
-54,-90
-54,-88
-54,-86
-52,-206
-52,-204
-52,-202
-52,-200
-52,-198
-52,-196
-52,-194
-52,-192
-52,-190
-52,-188
-52,-186
-52,-184
-52,-182
-52,-180
-52,-178
-52,-176
-52,-174
-52,-172
-52,-170
-52,-168
-52,-166
-52,-164
-52,-162
-52,-160
-52,-158
-52,-156
-52,-154
-52,-152
-52,-150
-52,-148
-52,-146
-52,-144
-52,-142
-52,-140
-52,-138
-52,-136
-52,-134
-52,-132
-52,-130
-52,-128
-52,-126
-52,-124
-52,-122
-52,-120
-52,-118
-52,-116
-52,-114
-52,-112
-52,-110
-52,-108
-52,-106
-52,-104
-52,-102
-52,-100
-52,-98
-52,-96
-52,-94
-52,-92
-52,-90
-52,-88
-52,-86
-52,-84
-50,-206
-50,-204
-50,-202
-50,-200
-50,-198
-50,-196
-50,-194
-50,-192
-50,-190
-50,-188
-50,-186
-50,-184
-50,-182
-50,-180
-50,-178
-50,-176
-50,-174
-50,-172
-50,-170
-50,-168
-50,-166
-50,-164
-50,-162
-50,-160
-50,-158
-50,-156
-50,-154
-50,-152
-50,-150
-50,-148
-50,-146
-50,-144
-50,-142
-50,-140
-50,-138
-50,-136
-50,-134
-50,-132
-50,-130
-50,-128
-50,-126
-50,-124
-50,-122
-50,-120
-50,-118
-50,-116
-50,-114
-50,-112
-50,-110
-50,-108
-50,-106
-50,-104
-50,-102
-50,-100
-50,-98
-50,-96
-50,-94
-50,-92
-50,-90
-50,-88
-50,-86
-50,-84
-50,-82
-48,-206
-48,-204
-48,-202
-48,-200
-48,-198
-48,-196
-48,-194
-48,-192
-48,-190
-48,-188
-48,-186
-48,-184
-48,-182
-48,-180
-48,-178
-48,-176
-48,-174
-48,-172
-48,-170
-48,-168
-48,-166
-48,-164
-48,-162
-48,-160
-48,-158
-48,-156
-48,-154
-48,-152
-48,-150
-48,-148
-48,-146
-48,-144
-48,-142
-48,-140
-48,-138
-48,-136
-48,-134
-48,-132
-48,-130
-48,-128
-48,-126
-48,-124
-48,-122
-48,-120
-48,-118
-48,-116
-48,-114
-48,-112
-48,-110
-48,-108
-48,-106
-48,-104
-48,-102
-48,-100
-48,-98
-48,-96
-48,-94
-48,-92
-48,-90
-48,-88
-48,-86
-48,-84
-48,-82
-48,-80
-48,-78
-46,-206
-46,-204
-46,-202
-46,-200
-46,-198
-46,-196
-46,-194
-46,-192
-46,-190
-46,-188
-46,-186
-46,-184
-46,-182
-46,-180
-46,-178
-46,-176
-46,-174
-46,-172
-46,-170
-46,-168
-46,-166
-46,-164
-46,-162
-46,-160
-46,-158
-46,-156
-46,-154
-46,-152
-46,-150
-46,-148
-46,-146
-46,-144
-46,-142
-46,-140
-46,-138
-46,-136
-46,-134
-46,-132
-46,-130
-46,-128
-46,-126
-46,-124
-46,-122
-46,-120
-46,-118
-46,-116
-46,-114
-46,-112
-46,-110
-46,-108
-46,-106
-46,-104
-46,-102
-46,-100
-46,-98
-46,-96
-46,-94
-46,-92
-46,-90
-46,-88
-46,-86
-46,-84
-46,-82
-46,-80
-46,-78
-46,-76
-44,-204
-44,-202
-44,-200
-44,-198
-44,-196
-44,-194
-44,-192
-44,-190
-44,-188
-44,-186
-44,-184
-44,-182
-44,-180
-44,-178
-44,-176
-44,-174
-44,-172
-44,-170
-44,-168
-44,-166
-44,-164
-44,-162
-44,-160
-44,-158
-44,-156
-44,-154
-44,-152
-44,-150
-44,-148
-44,-146
-44,-144
-44,-142
-44,-140
-44,-138
-44,-136
-44,-134
-44,-132
-44,-130
-44,-128
-44,-126
-44,-124
-44,-122
-44,-120
-44,-118
-44,-116
-44,-114
-44,-112
-44,-110
-44,-108
-44,-106
-44,-104
-44,-102
-44,-100
-44,-98
-44,-96
-44,-94
-44,-92
-44,-90
-44,-88
-44,-86
-44,-84
-44,-82
-44,-80
-44,-78
-44,-76
-44,-74
-42,-204
-42,-202
-42,-200
-42,-198
-42,-196
-42,-194
-42,-192
-42,-190
-42,-188
-42,-186
-42,-184
-42,-182
-42,-180
-42,-178
-42,-176
-42,-174
-42,-172
-42,-170
-42,-168
-42,-166
-42,-164
-42,-162
-42,-160
-42,-158
-42,-156
-42,-154
-42,-152
-42,-150
-42,-148
-42,-146
-42,-144
-42,-142
-42,-140
-42,-138
-42,-136
-42,-134
-42,-132
-42,-130
-42,-128
-42,-126
-42,-124
-42,-122
-42,-120
-42,-118
-42,-116
-42,-114
-42,-112
-42,-110
-42,-108
-42,-106
-42,-104
-42,-102
-42,-100
-42,-98
-42,-96
-42,-94
-42,-92
-42,-90
-42,-88
-42,-86
-42,-84
-42,-82
-42,-80
-42,-78
-42,-76
-42,-74
-42,-72
-42,-70
-40,-204
-40,-202
-40,-200
-40,-198
-40,-196
-40,-194
-40,-192
-40,-190
-40,-188
-40,-186
-40,-184
-40,-182
-40,-180
-40,-178
-40,-176
-40,-174
-40,-172
-40,-170
-40,-168
-40,-166
-40,-164
-40,-162
-40,-160
-40,-158
-40,-156
-40,-154
-40,-152
-40,-150
-40,-148
-40,-146
-40,-144
-40,-142
-40,-140
-40,-138
-40,-136
-40,-134
-40,-132
-40,-130
-40,-128
-40,-126
-40,-124
-40,-122
-40,-120
-40,-118
-40,-116
-40,-114
-40,-112
-40,-110
-40,-108
-40,-106
-40,-104
-40,-102
-40,-100
-40,-98
-40,-96
-40,-94
-40,-92
-40,-90
-40,-88
-40,-86
-40,-84
-40,-82
-40,-80
-40,-78
-40,-76
-40,-74
-40,-72
-40,-70
-40,-68
-38,-204
-38,-202
-38,-200
-38,-198
-38,-196
-38,-194
-38,-192
-38,-190
-38,-188
-38,-186
-38,-184
-38,-182
-38,-180
-38,-178
-38,-176
-38,-174
-38,-172
-38,-170
-38,-168
-38,-166
-38,-164
-38,-162
-38,-160
-38,-158
-38,-156
-38,-154
-38,-152
-38,-150
-38,-148
-38,-146
-38,-144
-38,-142
-38,-140
-38,-138
-38,-136
-38,-134
-38,-132
-38,-130
-38,-128
-38,-126
-38,-124
-38,-122
-38,-120
-38,-118
-38,-116
-38,-114
-38,-112
-38,-110
-38,-108
-38,-106
-38,-104
-38,-102
-38,-100
-38,-98
-38,-96
-38,-94
-38,-92
-38,-90
-38,-88
-38,-86
-38,-84
-38,-82
-38,-80
-38,-78
-38,-76
-38,-74
-38,-72
-38,-70
-38,-68
-38,-66
-38,-64
-36,-204
-36,-202
-36,-200
-36,-198
-36,-196
-36,-194
-36,-192
-36,-190
-36,-188
-36,-186
-36,-184
-36,-182
-36,-180
-36,-178
-36,-176
-36,-174
-36,-172
-36,-170
-36,-168
-36,-166
-36,-164
-36,-162
-36,-160
-36,-158
-36,-156
-36,-154
-36,-152
-36,-150
-36,-148
-36,-146
-36,-144
-36,-142
-36,-140
-36,-138
-36,-136
-36,-134
-36,-132
-36,-130
-36,-128
-36,-126
-36,-124
-36,-122
-36,-120
-36,-118
-36,-116
-36,-114
-36,-112
-36,-110
-36,-108
-36,-106
-36,-104
-36,-102
-36,-100
-36,-98
-36,-96
-36,-94
-36,-92
-36,-90
-36,-88
-36,-86
-36,-84
-36,-82
-36,-80
-36,-78
-36,-76
-36,-74
-36,-72
-36,-70
-36,-68
-36,-66
-36,-64
-36,-62
-36,-60
-34,-204
-34,-202
-34,-200
-34,-198
-34,-196
-34,-194
-34,-192
-34,-190
-34,-188
-34,-186
-34,-184
-34,-182
-34,-180
-34,-178
-34,-176
-34,-174
-34,-172
-34,-170
-34,-168
-34,-166
-34,-164
-34,-162
-34,-160
-34,-158
-34,-156
-34,-154
-34,-152
-34,-150
-34,-148
-34,-146
-34,-144
-34,-142
-34,-140
-34,-138
-34,-136
-34,-134
-34,-132
-34,-130
-34,-128
-34,-126
-34,-124
-34,-122
-34,-120
-34,-118
-34,-116
-34,-114
-34,-112
-34,-110
-34,-108
-34,-106
-34,-104
-34,-102
-34,-100
-34,-98
-34,-96
-34,-94
-34,-92
-34,-90
-34,-88
-34,-86
-34,-84
-34,-82
-34,-80
-34,-78
-34,-76
-34,-74
-34,-72
-34,-70
-34,-68
-34,-66
-34,-64
-34,-62
-34,-60
-34,-58
-34,-56
-32,-204
-32,-202
-32,-200
-32,-198
-32,-196
-32,-194
-32,-192
-32,-190
-32,-188
-32,-186
-32,-184
-32,-182
-32,-180
-32,-178
-32,-176
-32,-174
-32,-172
-32,-170
-32,-168
-32,-166
-32,-164
-32,-162
-32,-160
-32,-158
-32,-156
-32,-154
-32,-152
-32,-150
-32,-148
-32,-146
-32,-144
-32,-142
-32,-140
-32,-138
-32,-136
-32,-134
-32,-132
-32,-130
-32,-128
-32,-126
-32,-124
-32,-122
-32,-120
-32,-118
-32,-116
-32,-114
-32,-112
-32,-110
-32,-108
-32,-106
-32,-104
-32,-102
-32,-100
-32,-98
-32,-96
-32,-94
-32,-92
-32,-90
-32,-88
-32,-86
-32,-84
-32,-82
-32,-80
-32,-78
-32,-76
-32,-74
-32,-72
-32,-70
-32,-68
-32,-66
-32,-64
-32,-62
-32,-60
-32,-58
-32,-56
-32,-54
-32,-52
-32,-50
-30,-202
-30,-200
-30,-198
-30,-196
-30,-194
-30,-192
-30,-190
-30,-188
-30,-186
-30,-184
-30,-182
-30,-180
-30,-178
-30,-176
-30,-174
-30,-172
-30,-170
-30,-168
-30,-166
-30,-164
-30,-162
-30,-160
-30,-158
-30,-156
-30,-154
-30,-152
-30,-150
-30,-148
-30,-146
-30,-144
-30,-142
-30,-140
-30,-138
-30,-136
-30,-134
-30,-132
-30,-130
-30,-128
-30,-126
-30,-124
-30,-122
-30,-120
-30,-118
-30,-116
-30,-114
-30,-112
-30,-110
-30,-108
-30,-106
-30,-104
-30,-102
-30,-100
-30,-98
-30,-96
-30,-94
-30,-92
-30,-90
-30,-88
-30,-86
-30,-84
-30,-82
-30,-80
-30,-78
-30,-76
-30,-74
-30,-72
-30,-70
-30,-68
-30,-66
-30,-64
-30,-62
-30,-60
-30,-58
-30,-56
-30,-54
-30,-52
-30,-50
-30,-48
-30,-46
-30,-44
-28,-202
-28,-200
-28,-198
-28,-196
-28,-194
-28,-192
-28,-190
-28,-188
-28,-186
-28,-184
-28,-182
-28,-180
-28,-178
-28,-176
-28,-174
-28,-172
-28,-170
-28,-168
-28,-166
-28,-164
-28,-162
-28,-160
-28,-158
-28,-156
-28,-154
-28,-152
-28,-150
-28,-148
-28,-146
-28,-144
-28,-142
-28,-140
-28,-138
-28,-136
-28,-134
-28,-132
-28,-130
-28,-128
-28,-126
-28,-124
-28,-122
-28,-120
-28,-118
-28,-116
-28,-114
-28,-112
-28,-110
-28,-108
-28,-106
-28,-104
-28,-102
-28,-100
-28,-98
-28,-96
-28,-94
-28,-92
-28,-90
-28,-88
-28,-86
-28,-84
-28,-82
-28,-80
-28,-78
-28,-76
-28,-74
-28,-72
-28,-70
-28,-68
-28,-66
-28,-64
-28,-62
-28,-60
-28,-58
-28,-56
-28,-54
-28,-52
-28,-50
-28,-48
-28,-46
-28,-44
-28,-42
-28,-40
-26,-202
-26,-200
-26,-198
-26,-196
-26,-194
-26,-192
-26,-190
-26,-188
-26,-186
-26,-184
-26,-182
-26,-180
-26,-178
-26,-176
-26,-174
-26,-172
-26,-170
-26,-168
-26,-166
-26,-164
-26,-162
-26,-160
-26,-158
-26,-156
-26,-154
-26,-152
-26,-150
-26,-148
-26,-146
-26,-144
-26,-142
-26,-140
-26,-138
-26,-136
-26,-134
-26,-132
-26,-130
-26,-128
-26,-126
-26,-124
-26,-122
-26,-120
-26,-118
-26,-116
-26,-114
-26,-112
-26,-110
-26,-108
-26,-106
-26,-104
-26,-102
-26,-100
-26,-98
-26,-96
-26,-94
-26,-92
-26,-90
-26,-88
-26,-86
-26,-84
-26,-82
-26,-80
-26,-78
-26,-76
-26,-74
-26,-72
-26,-70
-26,-68
-26,-66
-26,-64
-26,-62
-26,-60
-26,-58
-26,-56
-26,-54
-26,-52
-26,-50
-26,-48
-26,-46
-24,-202
-24,-200
-24,-198
-24,-196
-24,-194
-24,-192
-24,-190
-24,-188
-24,-186
-24,-184
-24,-182
-24,-180
-24,-178
-24,-176
-24,-174
-24,-172
-24,-170
-24,-168
-24,-166
-24,-164
-24,-162
-24,-160
-24,-158
-24,-156
-24,-154
-24,-152
-24,-150
-24,-148
-24,-146
-24,-144
-24,-142
-24,-140
-24,-138
-24,-136
-24,-134
-24,-132
-24,-130
-24,-128
-24,-126
-24,-124
-24,-122
-24,-120
-24,-118
-24,-116
-24,-114
-24,-112
-24,-110
-24,-108
-24,-106
-24,-104
-24,-102
-24,-100
-24,-98
-24,-96
-24,-94
-24,-92
-24,-90
-24,-88
-24,-86
-24,-84
-24,-82
-24,-80
-24,-78
-24,-76
-24,-74
-24,-72
-24,-70
-24,-68
-24,-66
-24,-64
-24,-62
-24,-60
-24,-58
-24,-56
-24,-54
-24,-52
-22,-200
-22,-198
-22,-196
-22,-194
-22,-192
-22,-190
-22,-188
-22,-186
-22,-184
-22,-182
-22,-180
-22,-178
-22,-176
-22,-174
-22,-172
-22,-170
-22,-168
-22,-166
-22,-164
-22,-162
-22,-160
-22,-158
-22,-156
-22,-154
-22,-152
-22,-150
-22,-148
-22,-146
-22,-144
-22,-142
-22,-140
-22,-138
-22,-136
-22,-134
-22,-132
-22,-130
-22,-128
-22,-126
-22,-124
-22,-122
-22,-120
-22,-118
-22,-116
-22,-114
-22,-112
-22,-110
-22,-108
-22,-106
-22,-104
-22,-102
-22,-100
-22,-98
-22,-96
-22,-94
-22,-92
-22,-90
-22,-88
-22,-86
-22,-84
-22,-82
-22,-80
-22,-78
-22,-76
-22,-74
-22,-72
-22,-70
-22,-68
-22,-66
-22,-64
-22,-62
-22,-60
-22,-58
-20,-200
-20,-198
-20,-196
-20,-194
-20,-192
-20,-190
-20,-188
-20,-186
-20,-184
-20,-182
-20,-180
-20,-178
-20,-176
-20,-174
-20,-172
-20,-170
-20,-168
-20,-166
-20,-164
-20,-162
-20,-160
-20,-158
-20,-156
-20,-154
-20,-152
-20,-150
-20,-148
-20,-146
-20,-144
-20,-142
-20,-140
-20,-138
-20,-136
-20,-134
-20,-132
-20,-130
-20,-128
-20,-126
-20,-124
-20,-122
-20,-120
-20,-118
-20,-116
-20,-114
-20,-112
-20,-110
-20,-108
-20,-106
-20,-104
-20,-102
-20,-100
-20,-98
-20,-96
-20,-94
-20,-92
-20,-90
-20,-88
-20,-86
-20,-84
-20,-82
-20,-80
-20,-78
-20,-76
-20,-74
-20,-72
-20,-70
-20,-68
-20,-66
-20,-64
-18,-198
-18,-196
-18,-194
-18,-192
-18,-190
-18,-188
-18,-186
-18,-184
-18,-182
-18,-180
-18,-178
-18,-176
-18,-174
-18,-172
-18,-170
-18,-168
-18,-166
-18,-164
-18,-162
-18,-160
-18,-158
-18,-156
-18,-154
-18,-152
-18,-150
-18,-148
-18,-146
-18,-144
-18,-142
-18,-140
-18,-138
-18,-136
-18,-134
-18,-132
-18,-130
-18,-128
-18,-126
-18,-124
-18,-122
-18,-120
-18,-118
-18,-116
-18,-114
-18,-112
-18,-110
-18,-108
-18,-106
-18,-104
-18,-102
-18,-100
-18,-98
-18,-96
-18,-94
-18,-92
-18,-90
-18,-88
-18,-86
-18,-84
-18,-82
-18,-80
-18,-78
-18,-76
-18,-74
-18,-72
-18,-70
-18,-68
-16,-198
-16,-196
-16,-194
-16,-192
-16,-190
-16,-188
-16,-186
-16,-184
-16,-182
-16,-180
-16,-178
-16,-176
-16,-174
-16,-172
-16,-170
-16,-168
-16,-166
-16,-164
-16,-162
-16,-160
-16,-158
-16,-156
-16,-154
-16,-152
-16,-150
-16,-148
-16,-146
-16,-144
-16,-142
-16,-140
-16,-138
-16,-136
-16,-134
-16,-132
-16,-130
-16,-128
-16,-126
-16,-124
-16,-122
-16,-120
-16,-118
-16,-116
-16,-114
-16,-112
-16,-110
-16,-108
-16,-106
-16,-104
-16,-102
-16,-100
-16,-98
-16,-96
-16,-94
-16,-92
-16,-90
-16,-88
-16,-86
-16,-84
-16,-82
-16,-80
-16,-78
-16,-76
-16,-74
-16,-72
-14,-198
-14,-196
-14,-194
-14,-192
-14,-190
-14,-188
-14,-186
-14,-184
-14,-182
-14,-180
-14,-178
-14,-176
-14,-174
-14,-172
-14,-170
-14,-168
-14,-166
-14,-164
-14,-162
-14,-160
-14,-158
-14,-156
-14,-154
-14,-152
-14,-150
-14,-148
-14,-146
-14,-144
-14,-142
-14,-140
-14,-138
-14,-136
-14,-134
-14,-132
-14,-130
-14,-128
-14,-126
-14,-124
-14,-122
-14,-120
-14,-118
-14,-116
-14,-114
-14,-112
-14,-110
-14,-108
-14,-106
-14,-104
-14,-102
-14,-100
-14,-98
-14,-96
-14,-94
-14,-92
-14,-90
-14,-88
-14,-86
-14,-84
-14,-82
-14,-80
-14,-78
-14,-76
-12,-196
-12,-194
-12,-192
-12,-190
-12,-188
-12,-186
-12,-184
-12,-182
-12,-180
-12,-178
-12,-176
-12,-174
-12,-172
-12,-170
-12,-168
-12,-166
-12,-164
-12,-162
-12,-160
-12,-158
-12,-156
-12,-154
-12,-152
-12,-150
-12,-148
-12,-146
-12,-144
-12,-142
-12,-140
-12,-138
-12,-136
-12,-134
-12,-132
-12,-130
-12,-128
-12,-126
-12,-124
-12,-122
-12,-120
-12,-118
-12,-116
-12,-114
-12,-112
-12,-110
-12,-108
-12,-106
-12,-104
-12,-102
-12,-100
-12,-98
-12,-96
-12,-94
-12,-92
-12,-90
-12,-88
-12,-86
-12,-84
-12,-82
-12,-80
-10,-196
-10,-194
-10,-192
-10,-190
-10,-188
-10,-186
-10,-184
-10,-182
-10,-180
-10,-178
-10,-176
-10,-174
-10,-172
-10,-170
-10,-168
-10,-166
-10,-164
-10,-162
-10,-160
-10,-158
-10,-156
-10,-154
-10,-152
-10,-150
-10,-148
-10,-146
-10,-144
-10,-142
-10,-140
-10,-138
-10,-136
-10,-134
-10,-132
-10,-130
-10,-128
-10,-126
-10,-124
-10,-122
-10,-120
-10,-118
-10,-116
-10,-114
-10,-112
-10,-110
-10,-108
-10,-106
-10,-104
-10,-102
-10,-100
-10,-98
-10,-96
-10,-94
-10,-92
-10,-90
-10,-88
-10,-86
-10,-84
-8,-194
-8,-192
-8,-190
-8,-188
-8,-186
-8,-184
-8,-182
-8,-180
-8,-178
-8,-176
-8,-174
-8,-172
-8,-170
-8,-168
-8,-166
-8,-164
-8,-162
-8,-160
-8,-158
-8,-156
-8,-154
-8,-152
-8,-150
-8,-148
-8,-146
-8,-144
-8,-142
-8,-140
-8,-138
-8,-136
-8,-134
-8,-132
-8,-130
-8,-128
-8,-126
-8,-124
-8,-122
-8,-120
-8,-118
-8,-116
-8,-114
-8,-112
-8,-110
-8,-108
-8,-106
-8,-104
-8,-102
-8,-100
-8,-98
-8,-96
-8,-94
-8,-92
-8,-90
-8,-88
-8,-86
-6,-194
-6,-192
-6,-190
-6,-188
-6,-186
-6,-184
-6,-182
-6,-180
-6,-178
-6,-176
-6,-174
-6,-172
-6,-170
-6,-168
-6,-166
-6,-164
-6,-162
-6,-160
-6,-158
-6,-156
-6,-154
-6,-152
-6,-150
-6,-148
-6,-146
-6,-144
-6,-142
-6,-140
-6,-138
-6,-136
-6,-134
-6,-132
-6,-130
-6,-128
-6,-126
-6,-124
-6,-122
-6,-120
-6,-118
-6,-116
-6,-114
-6,-112
-6,-110
-6,-108
-6,-106
-6,-104
-6,-102
-6,-100
-6,-98
-6,-96
-6,-94
-6,-92
-6,-90
-4,-192
-4,-190
-4,-188
-4,-186
-4,-184
-4,-182
-4,-180
-4,-178
-4,-176
-4,-174
-4,-172
-4,-170
-4,-168
-4,-166
-4,-164
-4,-162
-4,-160
-4,-158
-4,-156
-4,-154
-4,-152
-4,-150
-4,-148
-4,-146
-4,-144
-4,-142
-4,-140
-4,-138
-4,-136
-4,-134
-4,-132
-4,-130
-4,-128
-4,-126
-4,-124
-4,-122
-4,-120
-4,-118
-4,-116
-4,-114
-4,-112
-4,-110
-4,-108
-4,-106
-4,-104
-4,-102
-4,-100
-4,-98
-4,-96
-4,-94
-4,-92
-2,-192
-2,-190
-2,-188
-2,-186
-2,-184
-2,-182
-2,-180
-2,-178
-2,-176
-2,-174
-2,-172
-2,-170
-2,-168
-2,-166
-2,-164
-2,-162
-2,-160
-2,-158
-2,-156
-2,-154
-2,-152
-2,-150
-2,-148
-2,-146
-2,-144
-2,-142
-2,-140
-2,-138
-2,-136
-2,-134
-2,-132
-2,-130
-2,-128
-2,-126
-2,-124
-2,-122
-2,-120
-2,-118
-2,-116
-2,-114
-2,-112
-2,-110
-2,-108
-2,-106
-2,-104
-2,-102
-2,-100
-2,-98
-2,-96
-2,-94
0,-190
0,-188
0,-186
0,-184
0,-182
0,-180
0,-178
0,-176
0,-174
0,-172
0,-170
0,-168
0,-166
0,-164
0,-162
0,-160
0,-158
0,-156
0,-154
0,-152
0,-150
0,-148
0,-146
0,-144
0,-142
0,-140
0,-138
0,-136
0,-134
0,-132
0,-130
0,-128
0,-126
0,-124
0,-122
0,-120
0,-118
0,-116
0,-114
0,-112
0,-110
0,-108
0,-106
0,-104
0,-102
0,-100
0,-98
0,-96
2,-188
2,-186
2,-184
2,-182
2,-180
2,-178
2,-176
2,-174
2,-172
2,-170
2,-168
2,-166
2,-164
2,-162
2,-160
2,-158
2,-156
2,-154
2,-152
2,-150
2,-148
2,-146
2,-144
2,-142
2,-140
2,-138
2,-136
2,-134
2,-132
2,-130
2,-128
2,-126
2,-124
2,-122
2,-120
2,-118
2,-116
2,-114
2,-112
2,-110
2,-108
2,-106
2,-104
2,-102
2,-100
4,-188
4,-186
4,-184
4,-182
4,-180
4,-178
4,-176
4,-174
4,-172
4,-170
4,-168
4,-166
4,-164
4,-162
4,-160
4,-158
4,-156
4,-154
4,-152
4,-150
4,-148
4,-146
4,-144
4,-142
4,-140
4,-138
4,-136
4,-134
4,-132
4,-130
4,-128
4,-126
4,-124
4,-122
4,-120
4,-118
4,-116
4,-114
4,-112
4,-110
4,-108
4,-106
4,-104
4,-102
6,-186
6,-184
6,-182
6,-180
6,-178
6,-176
6,-174
6,-172
6,-170
6,-168
6,-166
6,-164
6,-162
6,-160
6,-158
6,-156
6,-154
6,-152
6,-150
6,-148
6,-146
6,-144
6,-142
6,-140
6,-138
6,-136
6,-134
6,-132
6,-130
6,-128
6,-126
6,-124
6,-122
6,-120
6,-118
6,-116
6,-114
6,-112
6,-110
6,-108
6,-106
6,-104
8,-184
8,-182
8,-180
8,-178
8,-176
8,-174
8,-172
8,-170
8,-168
8,-166
8,-164
8,-162
8,-160
8,-158
8,-156
8,-154
8,-152
8,-150
8,-148
8,-146
8,-144
8,-142
8,-140
8,-138
8,-136
8,-134
8,-132
8,-130
8,-128
8,-126
8,-124
8,-122
8,-120
8,-118
8,-116
8,-114
8,-112
8,-110
8,-108
8,-106
10,-182
10,-180
10,-178
10,-176
10,-174
10,-172
10,-170
10,-168
10,-166
10,-164
10,-162
10,-160
10,-158
10,-156
10,-154
10,-152
10,-150
10,-148
10,-146
10,-144
10,-142
10,-140
10,-138
10,-136
10,-134
10,-132
10,-130
10,-128
10,-126
10,-124
10,-122
10,-120
10,-118
10,-116
10,-114
10,-112
10,-110
10,-108
12,-180
12,-178
12,-176
12,-174
12,-172
12,-170
12,-168
12,-166
12,-164
12,-162
12,-160
12,-158
12,-156
12,-154
12,-152
12,-150
12,-148
12,-146
12,-144
12,-142
12,-140
12,-138
12,-136
12,-134
12,-132
12,-130
12,-128
12,-126
12,-124
12,-122
12,-120
12,-118
12,-116
12,-114
12,-112
12,-110
14,-178
14,-176
14,-174
14,-172
14,-170
14,-168
14,-166
14,-164
14,-162
14,-160
14,-158
14,-156
14,-154
14,-152
14,-150
14,-148
14,-146
14,-144
14,-142
14,-140
14,-138
14,-136
14,-134
14,-132
14,-130
14,-128
14,-126
14,-124
14,-122
14,-120
14,-118
14,-116
14,-114
14,-112
14,-110
16,-176
16,-174
16,-172
16,-170
16,-168
16,-166
16,-164
16,-162
16,-160
16,-158
16,-156
16,-154
16,-152
16,-150
16,-148
16,-146
16,-144
16,-142
16,-140
16,-138
16,-136
16,-134
16,-132
16,-130
16,-128
16,-126
16,-124
16,-122
16,-120
16,-118
16,-116
16,-114
16,-112
18,-174
18,-172
18,-170
18,-168
18,-166
18,-164
18,-162
18,-160
18,-158
18,-156
18,-154
18,-152
18,-150
18,-148
18,-146
18,-144
18,-142
18,-140
18,-138
18,-136
18,-134
18,-132
18,-130
18,-128
18,-126
18,-124
18,-122
18,-120
18,-118
18,-116
18,-114
20,-172
20,-170
20,-168
20,-166
20,-164
20,-162
20,-160
20,-158
20,-156
20,-154
20,-152
20,-150
20,-148
20,-146
20,-144
20,-142
20,-140
20,-138
20,-136
20,-134
20,-132
20,-130
20,-128
20,-126
20,-124
20,-122
20,-120
20,-118
20,-116
22,-170
22,-168
22,-166
22,-164
22,-162
22,-160
22,-158
22,-156
22,-154
22,-152
22,-150
22,-148
22,-146
22,-144
22,-142
22,-140
22,-138
22,-136
22,-134
22,-132
22,-130
22,-128
22,-126
22,-124
22,-122
22,-120
22,-118
24,-168
24,-166
24,-164
24,-162
24,-160
24,-158
24,-156
24,-154
24,-152
24,-150
24,-148
24,-146
24,-144
24,-142
24,-140
24,-138
24,-136
24,-134
24,-132
24,-130
24,-128
24,-126
24,-124
24,-122
24,-120
24,-118
26,-164
26,-162
26,-160
26,-158
26,-156
26,-154
26,-152
26,-150
26,-148
26,-146
26,-144
26,-142
26,-140
26,-138
26,-136
26,-134
26,-132
26,-130
26,-128
26,-126
26,-124
26,-122
26,-120
28,-162
28,-160
28,-158
28,-156
28,-154
28,-152
28,-150
28,-148
28,-146
28,-144
28,-142
28,-140
28,-138
28,-136
28,-134
28,-132
28,-130
28,-128
28,-126
28,-124
28,-122
30,-158
30,-156
30,-154
30,-152
30,-150
30,-148
30,-146
30,-144
30,-142
30,-140
30,-138
30,-136
30,-134
30,-132
30,-130
30,-128
30,-126
30,-124
30,-122
32,-154
32,-152
32,-150
32,-148
32,-146
32,-144
32,-142
32,-140
32,-138
32,-136
32,-134
32,-132
32,-130
32,-128
32,-126
32,-124
34,-150
34,-148
34,-146
34,-144
34,-142
34,-140
34,-138
34,-136
34,-134
34,-132
34,-130
34,-128
34,-126
34,-124
36,-146
36,-144
36,-142
36,-140
36,-138
36,-136
36,-134
36,-132
36,-130
36,-128
36,-126
38,-142
38,-140
38,-138
38,-136
38,-134
38,-132
38,-130
38,-128
38,-126
40,-134
40,-132
40,-130
40,-128
